0.00999903678894043
0.0037267208099365234
0.003529071807861328
0.0031273365020751953
0.004479885101318359
0.004213571548461914
0.0048923492431640625
0.0034575462341308594
0.005198955535888672
0.004452943801879883
0.0045468807220458984
0.004736423492431641
0.004280567169189453
0.0039098262786865234
0.00491642951965332
0.004825592041015625
0.004871845245361328
0.004842996597290039
0.004601955413818359
0.004644155502319336
0.004678964614868164
0.005467653274536133
0.004761695861816406
0.004150390625
0.0031270980834960938
0.00419926643371582
0.002862691879272461
0.004174947738647461
0.004363298416137695
0.005141735076904297
0.004364728927612305
0.0028944015502929688
0.0029451847076416016
0.002943754196166992
0.0031349658966064453
0.002845287322998047
0.0035142898559570312
0.003085613250732422
0.0035495758056640625
0.003309488296508789
0.00425267219543457
0.0041866302490234375
0.003999233245849609
0.004326581954956055
0.0032334327697753906
0.003309011459350586
0.004864215850830078
0.003301382064819336
0.0033986568450927734
0.004477500915527344
0.0037403106689453125
0.0032405853271484375
0.004433393478393555
0.005292177200317383
0.0046100616455078125
0.004602670669555664
0.004412412643432617
0.0033807754516601562
0.004624366760253906
0.004946231842041016
0.0047149658203125
0.004224300384521484
0.0040435791015625
0.0044629573822021484
0.004479408264160156
0.004396200180053711
0.004702329635620117
0.005176067352294922
0.004640340805053711
0.0035042762756347656
0.0052487850189208984
0.0037817955017089844
0.0032079219818115234
0.003222942352294922
0.0045816898345947266
0.00391387939453125
0.0035562515258789062
0.003078937530517578
0.003090381622314453
0.003831148147583008
0.0043523311614990234
0.004186391830444336
0.0046176910400390625
0.005400657653808594
0.004450082778930664
0.004006624221801758
0.00439763069152832
0.004262685775756836
0.0041086673736572266
0.004934072494506836
0.0042896270751953125
0.004029273986816406
0.003071308135986328
0.0031304359436035156
0.003164052963256836
0.0050275325775146484
0.0049097537994384766
0.00458073616027832
0.0038101673126220703
0.004163026809692383
0.0042569637298583984
0.003735065460205078
0.0031647682189941406
0.003504514694213867
0.0036776065826416016
0.0035920143127441406
0.003274202346801758
0.0032346248626708984
0.003303050994873047
0.003213644027709961
0.003126859664916992
0.003045320510864258
0.004667997360229492
0.005207061767578125
0.0043294429779052734
0.004270792007446289
0.004991054534912109
0.00439453125
0.004364013671875
0.004675626754760742
0.005174398422241211
0.004520893096923828
0.0036165714263916016
0.0032842159271240234
0.003294229507446289
0.004138469696044922
0.00406336784362793
0.004451751708984375
0.0039365291595458984
0.00374603271484375
0.0044002532958984375
0.004813194274902344
0.005273342132568359
0.004989147186279297
0.004941463470458984
0.003631114959716797
0.004204750061035156
0.003640890121459961
0.005395174026489258
0.005734682083129883
0.004277706146240234
0.0070095062255859375
0.0056552886962890625
0.004347085952758789
0.004781246185302734
0.005449533462524414
0.00628209114074707
0.0049266815185546875
0.007639169692993164
0.008308887481689453
0.006886720657348633
0.006203651428222656
0.005983114242553711
0.005919933319091797
0.005603313446044922
0.005028963088989258
0.0074367523193359375
0.0035448074340820312
0.003331899642944336
0.00654911994934082
0.006304264068603516
0.00542759895324707
0.006242036819458008
0.005192279815673828
0.004567861557006836
0.006501913070678711
0.004790306091308594
0.0053327083587646484
0.0065364837646484375
0.004427671432495117
0.004398345947265625
0.004644870758056641
0.004597187042236328
0.005038022994995117
0.004549264907836914
0.004930734634399414
0.004353761672973633
0.00456690788269043
0.006178855895996094
0.006394863128662109
0.003240823745727539
0.00396418571472168
0.004834175109863281
0.0043523311614990234
0.003164052963256836
0.0036096572875976562
0.005654811859130859
0.004681110382080078
0.0031676292419433594
0.0033788681030273438
0.0031480789184570312
0.003088712692260742
0.004830360412597656
0.00427556037902832
0.005896568298339844
0.004533052444458008
0.004265785217285156
0.0048313140869140625
0.0042231082916259766
0.004220247268676758
0.003337383270263672
0.004090309143066406
0.003437042236328125
0.0031480789184570312
0.0032112598419189453
0.003209352493286133
0.003701448440551758
0.0030426979064941406
0.002852916717529297
0.0029630661010742188
0.003778696060180664
0.004052639007568359
0.003579854965209961
0.003192901611328125
0.0032520294189453125
0.003950834274291992
0.003333568572998047
0.005054950714111328
0.005578756332397461
0.0038499832153320312
0.004982948303222656
0.004384517669677734
0.004420280456542969
0.004964590072631836
0.005684375762939453
0.003311634063720703
0.003060579299926758
0.004202365875244141
0.0037691593170166016
0.0033216476440429688
0.0032317638397216797
0.00478816032409668
0.007097959518432617
0.0048024654388427734
0.0050563812255859375
0.0054171085357666016
0.0047130584716796875
0.005107402801513672
0.007436275482177734
0.004488706588745117
0.004468441009521484
0.003309488296508789
0.004864215850830078
0.004810333251953125
0.007161140441894531
0.004502773284912109
0.004046440124511719
0.004210948944091797
0.00417780876159668
0.004168033599853516
0.0048787593841552734
0.005112409591674805
0.0073604583740234375
0.0035867691040039062
0.0065271854400634766
0.006043672561645508
0.005243539810180664
0.005986928939819336
0.003789186477661133
0.003326892852783203
0.0028967857360839844
0.007541179656982422
0.008011102676391602
0.00629734992980957
0.004187583923339844
0.004105091094970703
0.004426479339599609
0.007585048675537109
0.004114627838134766
0.004601240158081055
0.006539821624755859
0.0032634735107421875
0.0032231807708740234
0.003218412399291992
0.00898599624633789
0.0046808719635009766
0.0033152103424072266
0.00577998161315918
0.003300905227661133
0.004351615905761719
0.006133317947387695
0.005322456359863281
0.0033113956451416016
0.003308534622192383
0.0049097537994384766
0.004098415374755859
0.005118846893310547
0.0075531005859375
0.0047626495361328125
0.003107309341430664
0.004304170608520508
0.006352901458740234
0.004879474639892578
0.0052034854888916016
0.006888866424560547
0.006917238235473633
0.007881641387939453
0.0064847469329833984
0.004737377166748047
0.007437467575073242
0.006064891815185547
0.0046346187591552734
0.008081674575805664
0.005204439163208008
0.0038406848907470703
0.005495309829711914
0.0034132003784179688
0.0043065547943115234
0.006147146224975586
0.006293296813964844
0.004168272018432617
0.004778146743774414
0.004024028778076172
0.0034058094024658203
0.003015279769897461
0.0035216808319091797
0.0075397491455078125
0.004400014877319336
0.005090951919555664
0.007047176361083984
0.004841327667236328
0.0064220428466796875
0.006356716156005859
0.004385232925415039
0.005322933197021484
0.005383968353271484
0.004707813262939453
0.006761074066162109
0.004770994186401367
0.0030486583709716797
0.0043604373931884766
0.005996227264404297
0.004739046096801758
0.005122184753417969
0.0062503814697265625
0.00619053840637207
0.004131317138671875
0.004218339920043945
0.00443267822265625
0.004210948944091797
0.004546642303466797
0.006377458572387695
0.004503011703491211
0.005218029022216797
0.00791025161743164
0.005822181701660156
0.004138946533203125
0.006406307220458984
0.004488706588745117
0.004422187805175781
0.007771730422973633
0.004547595977783203
0.004426717758178711
0.008199453353881836
0.0066606998443603516
0.006669282913208008
0.0069828033447265625
0.004457235336303711
0.00722956657409668
0.004463911056518555
0.005282878875732422
0.006795167922973633
0.005145549774169922
0.0043659210205078125
0.006833791732788086
0.0037064552307128906
0.004904747009277344
0.006337404251098633
0.0053365230560302734
0.004511594772338867
0.005829811096191406
0.004537343978881836
0.004911899566650391
0.005022764205932617
0.006855010986328125
0.004357576370239258
0.0043718814849853516
0.0070230960845947266
0.005136013031005859
0.005209684371948242
0.005433797836303711
0.0033066272735595703
0.004434347152709961
0.006921291351318359
0.004667043685913086
0.0037567615509033203
0.0030541419982910156
0.0066373348236083984
0.005944967269897461
0.003666400909423828
0.009559869766235352
0.005119800567626953
0.0058286190032958984
0.00497126579284668
0.004292488098144531
0.0056247711181640625
0.00689697265625
0.004703044891357422
0.005947589874267578
0.0052487850189208984
0.0044384002685546875
0.006803274154663086
0.00640416145324707
0.004389524459838867
0.0057795047760009766
0.004473209381103516
0.0048825740814208984
0.004410743713378906
0.003217935562133789
0.003212451934814453
0.0031931400299072266
0.0030837059020996094
0.0030074119567871094
0.0036385059356689453
0.0028951168060302734
0.003993511199951172
0.0035021305084228516
0.00327301025390625
0.0046575069427490234
0.004309654235839844
0.004231452941894531
0.004501819610595703
0.005266904830932617
0.0048444271087646484
0.004451751708984375
0.003773212432861328
0.0035011768341064453
0.004692792892456055
0.004586458206176758
0.005650758743286133
0.003630399703979492
0.0037250518798828125
0.004483222961425781
0.004500627517700195
0.004383563995361328
0.004180431365966797
0.005245685577392578
0.004906654357910156
0.004312992095947266
0.0043299198150634766
0.004534721374511719
0.004338979721069336
0.004265308380126953
0.004894733428955078
0.005393266677856445
0.004580259323120117
0.00490117073059082
0.004858732223510742
0.004960298538208008
0.0049512386322021484
0.0036690235137939453
0.0033216476440429688
0.00400233268737793
0.003304719924926758
0.0031425952911376953
0.0033178329467773438
0.0029959678649902344
0.0030050277709960938
0.0036890506744384766
0.0030379295349121094
0.0031256675720214844
0.004486799240112305
0.00421452522277832
0.00520634651184082
0.0068323612213134766
0.005370616912841797
0.0033910274505615234
0.003113269805908203
0.005732059478759766
0.004894256591796875
0.005243062973022461
0.0055501461029052734
0.005322456359863281
0.004313468933105469
0.004828929901123047
0.004210233688354492
0.004271268844604492
0.0032312870025634766
0.005851268768310547
0.005228757858276367
0.004540681838989258
0.004491567611694336
0.005321502685546875
0.0049533843994140625
0.004627704620361328
0.005912065505981445
0.003454923629760742
0.0032379627227783203
0.0039014816284179688
0.004178762435913086
0.003309011459350586
0.0030143260955810547
0.0033893585205078125
0.00511479377746582
0.004595041275024414
0.0040700435638427734
0.004107236862182617
0.004439592361450195
0.004153728485107422
0.0042154788970947266
0.00522160530090332
0.004622220993041992
0.0042264461517333984
0.0042934417724609375
0.004679679870605469
0.004529714584350586
0.005261898040771484
0.004524707794189453
0.005167484283447266
0.004491567611694336
0.004494905471801758
